(8.0; 1.0; 2.0; 0.4666666666666666; 1.0; 0.01; 4.0; 0.56666666; 36.666666666666664; 2.047079586309859; 2.223939393939393; 1.4166666666666665; 0.06212121212121211; 0.06666666666666667; 0.3945454545454546; 4.8; 6.0; 10.0; 10.0; 2.0; 0.1424242424242424; 10.0; 0.6575757575757576; 10.0; 0.6393939393939394; 3.0; 0.6393939393939394; 3.0; 0.49848484848484864; 0.5770673262166178; 3.2905999009701863; 1.7348484848484844; 0.2; 1.8090909090909089; 0.7666666666666666; )


-----------------------------------------------
SCORE: 0.27143547611290186 ( 20170516_212019)
(8.0; 1.0; 2.0; 0.4666666666666666; 1.0; 0.01; 4.0; 0.56666666; 36.666666666666664; 2.047079586309859; 2.223939393939393; 1.4166666666666665; 0.06212121212121211; 0.06666666666666667; 0.3945454545454546; 4.8; 6.0; 10.0; 10.0; 2.0; 0.1424242424242424; 10.0; 0.6575757575757576; 10.0; 0.6393939393939394; 3.0; 0.6393939393939394; 3.0; 0.49848484848484864; 0.5770673262166178; 3.2905999009701863; 1.7348484848484844; 0.2; 1.8090909090909089; 0.7666666666666666; )

-----------------------------------------------
SCORE: 0.27143547611290186 ( 20170516_225058)
(8.0; 1.0; 2.0; 0.4666666666666666; 1.0; 0.01; 4.0; 0.56666666; 36.666666666666664; 2.047079586309859; 2.223939393939393; 1.4166666666666665; 0.06212121212121211; 0.06666666666666667; 0.3945454545454546; 4.8; 6.0; 10.0; 10.0; 2.0; 0.1424242424242424; 10.0; 0.6575757575757576; 10.0; 0.6393939393939394; 3.0; 0.6393939393939394; 3.0; 0.49848484848484864; 0.5770673262166178; 3.2905999009701863; 1.7348484848484844; 0.2; 1.8090909090909089; 0.7666666666666666; )

-----------------------------------------------
SCORE: 0.2714463390904174 ( 20170516_233110)
(8.0; 0.931818181818182; 2.0; 0.4666666666666666; 1.0; 0.01; 4.0; 0.56666666; 36.666666666666664; 2.047079586309859; 2.223939393939393; 1.4166666666666665; 0.06212121212121211; 0.06666666666666667; 0.3945454545454546; 4.8; 6.0; 10.0; 10.0; 2.0; 0.1424242424242424; 10.0; 0.6575757575757576; 10.0; 0.6393939393939394; 3.0; 0.6393939393939394; 3.0; 0.49848484848484864; 0.5770673262166178; 3.2905999009701863; 1.7348484848484844; 0.2; 1.8090909090909089; 0.7666666666666666; )

-----------------------------------------------
SCORE: 0.2714829397313962 ( 20170516_233719)
(8.0; 0.9454545454545457; 2.0; 0.4666666666666666; 1.0; 0.01; 4.0; 0.56666666; 36.666666666666664; 2.047079586309859; 2.223939393939393; 1.4166666666666665; 0.06212121212121211; 0.06666666666666667; 0.3945454545454546; 4.8; 6.0; 10.0; 10.0; 2.0; 0.1424242424242424; 10.0; 0.6575757575757576; 10.0; 0.6393939393939394; 3.0; 0.6393939393939394; 3.0; 0.49848484848484864; 0.5770673262166178; 3.2905999009701863; 1.7348484848484844; 0.2; 1.8090909090909089; 0.7666666666666666; )

-----------------------------------------------
SCORE: 0.2714829397313962 ( 20170517_091141)
(8.0; 0.9454545454545457; 2.0; 0.4666666666666666; 1.0; 0.01; 4.0; 0.56666666; 36.666666666666664; 2.047079586309859; 2.223939393939393; 1.4166666666666665; 0.06212121212121211; 0.06666666666666667; 0.3945454545454546; 4.8; 6.0; 10.0; 10.0; 2.0; 0.1424242424242424; 10.0; 0.6575757575757576; 10.0; 0.6393939393939394; 3.0; 0.6393939393939394; 3.0; 0.49848484848484864; 0.5770673262166178; 3.2905999009701863; 1.7348484848484844; 0.2; 1.8090909090909089; 0.7666666666666666; )

-----------------------------------------------
SCORE: 0.2716075556474177 ( 20170517_093345)
(8.0; 0.8036363636363638; 2.0; 0.4666666666666666; 1.0; 0.01; 4.0; 0.56666666; 36.666666666666664; 2.047079586309859; 2.223939393939393; 1.4166666666666665; 0.06212121212121211; 0.06666666666666667; 0.3945454545454546; 4.8; 6.0; 10.0; 10.0; 2.0; 0.1424242424242424; 10.0; 0.6575757575757576; 10.0; 0.6393939393939394; 3.0; 0.6393939393939394; 3.0; 0.49848484848484864; 0.5770673262166178; 3.2905999009701863; 1.7348484848484844; 0.2; 1.8090909090909089; 0.7666666666666666; )

-----------------------------------------------
SCORE: 0.27170620375865406 ( 20170517_143152)
(8.0; 0.8036363636363638; 2.0; 0.4666666666666666; 1.0; 0.01; 4.0; 0.56666666; 36.954545454545446; 2.047079586309859; 2.223939393939393; 1.4166666666666665; 0.06212121212121211; 0.06666666666666667; 0.3945454545454546; 4.8; 6.0; 10.0; 10.0; 2.0; 0.1424242424242424; 10.0; 0.6575757575757576; 10.0; 0.6393939393939394; 3.0; 0.6393939393939394; 3.0; 0.49848484848484864; 0.5770673262166178; 3.2905999009701863; 1.7348484848484844; 0.2; 1.8090909090909089; 0.7666666666666666; )

-----------------------------------------------
SCORE: 0.2719920631013218 ( 20170517_143646)
(8.0; 0.8036363636363638; 2.0; 0.4666666666666666; 1.0; 0.01; 4.0; 0.56666666; 37.606060606060595; 2.047079586309859; 2.223939393939393; 1.4166666666666665; 0.06212121212121211; 0.06666666666666667; 0.3945454545454546; 4.8; 6.0; 10.0; 10.0; 2.0; 0.1424242424242424; 10.0; 0.6575757575757576; 10.0; 0.6393939393939394; 3.0; 0.6393939393939394; 3.0; 0.49848484848484864; 0.5770673262166178; 3.2905999009701863; 1.7348484848484844; 0.2; 1.8090909090909089; 0.7666666666666666; )

-----------------------------------------------
SCORE: 0.27209421396748423 ( 20170517_152611)
(8.0; 0.8036363636363638; 2.0; 0.4666666666666666; 1.0; 0.01; 4.0; 0.56666666; 37.606060606060595; 1.7958470916263762; 2.223939393939393; 1.4166666666666665; 0.06212121212121211; 0.06666666666666667; 0.3945454545454546; 4.8; 6.0; 10.0; 10.0; 2.0; 0.1424242424242424; 10.0; 0.6575757575757576; 10.0; 0.6393939393939394; 3.0; 0.6393939393939394; 3.0; 0.49848484848484864; 0.5770673262166178; 3.2905999009701863; 1.7348484848484844; 0.2; 1.8090909090909089; 0.7666666666666666; )

-----------------------------------------------
SCORE: 0.2721803192773833 ( 20170517_155048)
(8.0; 0.8036363636363638; 2.0; 0.4666666666666666; 1.0; 0.01; 4.0; 0.56666666; 37.606060606060595; 2.074994307941357; 2.223939393939393; 1.4166666666666665; 0.06212121212121211; 0.06666666666666667; 0.3945454545454546; 4.8; 6.0; 10.0; 10.0; 2.0; 0.1424242424242424; 10.0; 0.6575757575757576; 10.0; 0.6393939393939394; 3.0; 0.6393939393939394; 3.0; 0.49848484848484864; 0.5770673262166178; 3.2905999009701863; 1.7348484848484844; 0.2; 1.8090909090909089; 0.7666666666666666; )

-----------------------------------------------
SCORE: 0.27220932193322794 ( 20170517_163027)
(8.0; 0.8036363636363638; 2.0; 0.4666666666666666; 1.0; 0.01; 4.0; 0.56666666; 37.606060606060595; 2.074994307941357; 2.011654269972451; 1.4166666666666665; 0.06212121212121211; 0.06666666666666667; 0.3945454545454546; 4.8; 6.0; 10.0; 10.0; 2.0; 0.1424242424242424; 10.0; 0.6575757575757576; 10.0; 0.6393939393939394; 3.0; 0.6393939393939394; 3.0; 0.49848484848484864; 0.5770673262166178; 3.2905999009701863; 1.7348484848484844; 0.2; 1.8090909090909089; 0.7666666666666666; )

-----------------------------------------------
SCORE: 0.2722155290486713 ( 20170517_163523)
(8.0; 0.8036363636363638; 2.0; 0.4666666666666666; 1.0; 0.01; 4.0; 0.56666666; 37.606060606060595; 2.074994307941357; 2.0723071625344347; 1.4166666666666665; 0.06212121212121211; 0.06666666666666667; 0.3945454545454546; 4.8; 6.0; 10.0; 10.0; 2.0; 0.1424242424242424; 10.0; 0.6575757575757576; 10.0; 0.6393939393939394; 3.0; 0.6393939393939394; 3.0; 0.49848484848484864; 0.5770673262166178; 3.2905999009701863; 1.7348484848484844; 0.2; 1.8090909090909089; 0.7666666666666666; )

-----------------------------------------------
SCORE: 0.27223223157953025 ( 20170517_185433)
(8.0; 0.8036363636363638; 2.0; 0.4666666666666666; 1.0; 0.01; 4.0; 0.56666666; 37.606060606060595; 2.074994307941357; 2.0723071625344347; 1.4166666666666665; 0.06296831955922864; 0.06666666666666667; 0.3945454545454546; 4.8; 6.0; 10.0; 10.0; 2.0; 0.1424242424242424; 10.0; 0.6575757575757576; 10.0; 0.6393939393939394; 3.0; 0.6393939393939394; 3.0; 0.49848484848484864; 0.5770673262166178; 3.2905999009701863; 1.7348484848484844; 0.2; 1.8090909090909089; 0.7666666666666666; )

-----------------------------------------------
SCORE: 0.27225347485838186 ( 20170517_194402)
(8.0; 0.8036363636363638; 2.0; 0.4666666666666666; 1.0; 0.01; 4.0; 0.56666666; 37.606060606060595; 2.074994307941357; 2.0723071625344347; 1.4166666666666665; 0.06296831955922864; 0.06666666666666667; 0.36764462809917353; 4.8; 6.0; 10.0; 10.0; 2.0; 0.1424242424242424; 10.0; 0.6575757575757576; 10.0; 0.6393939393939394; 3.0; 0.6393939393939394; 3.0; 0.49848484848484864; 0.5770673262166178; 3.2905999009701863; 1.7348484848484844; 0.2; 1.8090909090909089; 0.7666666666666666; )

-----------------------------------------------
SCORE: 0.2722997173784144 ( 20170517_195416)
(8.0; 0.8036363636363638; 2.0; 0.4666666666666666; 1.0; 0.01; 4.0; 0.56666666; 37.606060606060595; 2.074994307941357; 2.0723071625344347; 1.4166666666666665; 0.06296831955922864; 0.06666666666666667; 0.3891652892561983; 4.8; 6.0; 10.0; 10.0; 2.0; 0.1424242424242424; 10.0; 0.6575757575757576; 10.0; 0.6393939393939394; 3.0; 0.6393939393939394; 3.0; 0.49848484848484864; 0.5770673262166178; 3.2905999009701863; 1.7348484848484844; 0.2; 1.8090909090909089; 0.7666666666666666; )

-----------------------------------------------
SCORE: 0.2723364535083749 ( 20170517_200909)
(8.0; 0.8036363636363638; 2.0; 0.4666666666666666; 1.0; 0.01; 4.0; 0.56666666; 37.606060606060595; 2.074994307941357; 2.0723071625344347; 1.4166666666666665; 0.06296831955922864; 0.06666666666666667; 0.4214462809917355; 4.8; 6.0; 10.0; 10.0; 2.0; 0.1424242424242424; 10.0; 0.6575757575757576; 10.0; 0.6393939393939394; 3.0; 0.6393939393939394; 3.0; 0.49848484848484864; 0.5770673262166178; 3.2905999009701863; 1.7348484848484844; 0.2; 1.8090909090909089; 0.7666666666666666; )

-----------------------------------------------
SCORE: 0.27251689371245885 ( 20170517_201406)
(8.0; 0.8036363636363638; 2.0; 0.4666666666666666; 1.0; 0.01; 4.0; 0.56666666; 37.606060606060595; 2.074994307941357; 2.0723071625344347; 1.4166666666666665; 0.06296831955922864; 0.06666666666666667; 0.43220661157024787; 4.8; 6.0; 10.0; 10.0; 2.0; 0.1424242424242424; 10.0; 0.6575757575757576; 10.0; 0.6393939393939394; 3.0; 0.6393939393939394; 3.0; 0.49848484848484864; 0.5770673262166178; 3.2905999009701863; 1.7348484848484844; 0.2; 1.8090909090909089; 0.7666666666666666; )

-----------------------------------------------
SCORE: 0.2725414789352011 ( 20170517_201905)
(8.0; 0.8036363636363638; 2.0; 0.4666666666666666; 1.0; 0.01; 4.0; 0.56666666; 37.606060606060595; 2.074994307941357; 2.0723071625344347; 1.4166666666666665; 0.06296831955922864; 0.06666666666666667; 0.44296694214876026; 4.8; 6.0; 10.0; 10.0; 2.0; 0.1424242424242424; 10.0; 0.6575757575757576; 10.0; 0.6393939393939394; 3.0; 0.6393939393939394; 3.0; 0.49848484848484864; 0.5770673262166178; 3.2905999009701863; 1.7348484848484844; 0.2; 1.8090909090909089; 0.7666666666666666; )

-----------------------------------------------
SCORE: 0.2725461295401107 ( 20170517_213845)
(8.0; 0.8036363636363638; 2.0; 0.4666666666666666; 1.0; 0.01; 4.0; 0.56666666; 37.606060606060595; 2.074994307941357; 2.0723071625344347; 1.4166666666666665; 0.06296831955922864; 0.06666666666666667; 0.44296694214876026; 4.8; 5.0; 10.0; 10.0; 2.0; 0.1424242424242424; 10.0; 0.6575757575757576; 10.0; 0.6393939393939394; 3.0; 0.6393939393939394; 3.0; 0.49848484848484864; 0.5770673262166178; 3.2905999009701863; 1.7348484848484844; 0.2; 1.8090909090909089; 0.7666666666666666; )

-----------------------------------------------
SCORE: 0.2725523587588172 ( 20170517_214855)
(8.0; 0.8036363636363638; 2.0; 0.4666666666666666; 1.0; 0.01; 4.0; 0.56666666; 37.606060606060595; 2.074994307941357; 2.0723071625344347; 1.4166666666666665; 0.06296831955922864; 0.06666666666666667; 0.44296694214876026; 4.8; 7.0; 10.0; 10.0; 2.0; 0.1424242424242424; 10.0; 0.6575757575757576; 10.0; 0.6393939393939394; 3.0; 0.6393939393939394; 3.0; 0.49848484848484864; 0.5770673262166178; 3.2905999009701863; 1.7348484848484844; 0.2; 1.8090909090909089; 0.7666666666666666; )

-----------------------------------------------
SCORE: 0.2728482151286456 ( 20170518_010213)
(8.0; 0.8036363636363638; 2.0; 0.4666666666666666; 1.0; 0.01; 4.0; 0.56666666; 37.606060606060595; 2.074994307941357; 2.0723071625344347; 1.4166666666666665; 0.06296831955922864; 0.06666666666666667; 0.44296694214876026; 4.8; 7.0; 10.0; 10.0; 2.0; 0.1424242424242424; 10.0; 0.6844765840220384; 10.0; 0.6393939393939394; 3.0; 0.6393939393939394; 3.0; 0.49848484848484864; 0.5770673262166178; 3.2905999009701863; 1.7348484848484844; 0.2; 1.8090909090909089; 0.7666666666666666; )

-----------------------------------------------
SCORE: 0.27286098926292685 ( 20170518_015355)
(8.0; 0.8036363636363638; 2.0; 0.4666666666666666; 1.0; 0.01; 4.0; 0.56666666; 37.606060606060595; 2.074994307941357; 2.0723071625344347; 1.4166666666666665; 0.06296831955922864; 0.06666666666666667; 0.44296694214876026; 4.8; 7.0; 10.0; 10.0; 2.0; 0.1424242424242424; 10.0; 0.6844765840220384; 12.0; 0.6393939393939394; 3.0; 0.6393939393939394; 3.0; 0.49848484848484864; 0.5770673262166178; 3.2905999009701863; 1.7348484848484844; 0.2; 1.8090909090909089; 0.7666666666666666; )

-----------------------------------------------
SCORE: 0.2729077698483748 ( 20170518_015855)
(8.0; 0.8036363636363638; 2.0; 0.4666666666666666; 1.0; 0.01; 4.0; 0.56666666; 37.606060606060595; 2.074994307941357; 2.0723071625344347; 1.4166666666666665; 0.06296831955922864; 0.06666666666666667; 0.44296694214876026; 4.8; 7.0; 10.0; 10.0; 2.0; 0.1424242424242424; 10.0; 0.6844765840220384; 12.0; 0.5434848484848485; 3.0; 0.6393939393939394; 3.0; 0.49848484848484864; 0.5770673262166178; 3.2905999009701863; 1.7348484848484844; 0.2; 1.8090909090909089; 0.7666666666666666; )

-----------------------------------------------
SCORE: 0.27295817087491303 ( 20170518_020355)
(8.0; 0.8036363636363638; 2.0; 0.4666666666666666; 1.0; 0.01; 4.0; 0.56666666; 37.606060606060595; 2.074994307941357; 2.0723071625344347; 1.4166666666666665; 0.06296831955922864; 0.06666666666666667; 0.44296694214876026; 4.8; 7.0; 10.0; 10.0; 2.0; 0.1424242424242424; 10.0; 0.6844765840220384; 12.0; 0.5609228650137741; 3.0; 0.6393939393939394; 3.0; 0.49848484848484864; 0.5770673262166178; 3.2905999009701863; 1.7348484848484844; 0.2; 1.8090909090909089; 0.7666666666666666; )

-----------------------------------------------
SCORE: 0.2729923404332843 ( 20170518_024551)
(8.0; 0.8036363636363638; 2.0; 0.4666666666666666; 1.0; 0.01; 4.0; 0.56666666; 37.606060606060595; 2.074994307941357; 2.0723071625344347; 1.4166666666666665; 0.06296831955922864; 0.06666666666666667; 0.44296694214876026; 4.8; 7.0; 10.0; 10.0; 2.0; 0.1424242424242424; 10.0; 0.6844765840220384; 12.0; 0.7004269972451791; 3.0; 0.6393939393939394; 3.0; 0.49848484848484864; 0.5770673262166178; 3.2905999009701863; 1.7348484848484844; 0.2; 1.8090909090909089; 0.7666666666666666; )

-----------------------------------------------
SCORE: 0.27316829822876076 ( 20170518_031223)
(8.0; 0.8036363636363638; 2.0; 0.4666666666666666; 1.0; 0.01; 4.0; 0.56666666; 37.606060606060595; 2.074994307941357; 2.0723071625344347; 1.4166666666666665; 0.06296831955922864; 0.06666666666666667; 0.44296694214876026; 4.8; 7.0; 10.0; 10.0; 2.0; 0.1424242424242424; 10.0; 0.6844765840220384; 12.0; 0.7004269972451791; 3.0; 0.5783608815426997; 3.0; 0.49848484848484864; 0.5770673262166178; 3.2905999009701863; 1.7348484848484844; 0.2; 1.8090909090909089; 0.7666666666666666; )

-----------------------------------------------
SCORE: 0.27325822631323443 ( 20170518_031742)
(8.0; 0.8036363636363638; 2.0; 0.4666666666666666; 1.0; 0.01; 4.0; 0.56666666; 37.606060606060595; 2.074994307941357; 2.0723071625344347; 1.4166666666666665; 0.06296831955922864; 0.06666666666666667; 0.44296694214876026; 4.8; 7.0; 10.0; 10.0; 2.0; 0.1424242424242424; 10.0; 0.6844765840220384; 12.0; 0.7004269972451791; 3.0; 0.5957988980716253; 3.0; 0.49848484848484864; 0.5770673262166178; 3.2905999009701863; 1.7348484848484844; 0.2; 1.8090909090909089; 0.7666666666666666; )

-----------------------------------------------
SCORE: 0.273261382714167 ( 20170518_032259)
(8.0; 0.8036363636363638; 2.0; 0.4666666666666666; 1.0; 0.01; 4.0; 0.56666666; 37.606060606060595; 2.074994307941357; 2.0723071625344347; 1.4166666666666665; 0.06296831955922864; 0.06666666666666667; 0.44296694214876026; 4.8; 7.0; 10.0; 10.0; 2.0; 0.1424242424242424; 10.0; 0.6844765840220384; 12.0; 0.7004269972451791; 3.0; 0.613236914600551; 3.0; 0.49848484848484864; 0.5770673262166178; 3.2905999009701863; 1.7348484848484844; 0.2; 1.8090909090909089; 0.7666666666666666; )

-----------------------------------------------
SCORE: 0.27334219072129506 ( 20170518_032831)
(8.0; 0.8036363636363638; 2.0; 0.4666666666666666; 1.0; 0.01; 4.0; 0.56666666; 37.606060606060595; 2.074994307941357; 2.0723071625344347; 1.4166666666666665; 0.06296831955922864; 0.06666666666666667; 0.44296694214876026; 4.8; 7.0; 10.0; 10.0; 2.0; 0.1424242424242424; 10.0; 0.6844765840220384; 12.0; 0.7004269972451791; 3.0; 0.6306749311294766; 3.0; 0.49848484848484864; 0.5770673262166178; 3.2905999009701863; 1.7348484848484844; 0.2; 1.8090909090909089; 0.7666666666666666; )

-----------------------------------------------
SCORE: 0.2734379307318096 ( 20170518_042120)
(8.0; 0.8036363636363638; 2.0; 0.4666666666666666; 1.0; 0.01; 4.0; 0.56666666; 37.606060606060595; 2.074994307941357; 2.0723071625344347; 1.4166666666666665; 0.06296831955922864; 0.06666666666666667; 0.44296694214876026; 4.8; 7.0; 10.0; 10.0; 2.0; 0.1424242424242424; 10.0; 0.6844765840220384; 12.0; 0.7004269972451791; 3.0; 0.6306749311294766; 4.0; 0.49848484848484864; 0.5770673262166178; 3.2905999009701863; 1.7348484848484844; 0.2; 1.8090909090909089; 0.7666666666666666; )

-----------------------------------------------
SCORE: 0.2734615286661536 ( 20170518_042700)
(8.0; 0.8036363636363638; 2.0; 0.4666666666666666; 1.0; 0.01; 4.0; 0.56666666; 37.606060606060595; 2.074994307941357; 2.0723071625344347; 1.4166666666666665; 0.06296831955922864; 0.06666666666666667; 0.44296694214876026; 4.8; 7.0; 10.0; 10.0; 2.0; 0.1424242424242424; 10.0; 0.6844765840220384; 12.0; 0.7004269972451791; 3.0; 0.6306749311294766; 5.0; 0.49848484848484864; 0.5770673262166178; 3.2905999009701863; 1.7348484848484844; 0.2; 1.8090909090909089; 0.7666666666666666; )

-----------------------------------------------
SCORE: 0.2735042439264505 ( 20170518_043211)
(8.0; 0.8036363636363638; 2.0; 0.4666666666666666; 1.0; 0.01; 4.0; 0.56666666; 37.606060606060595; 2.074994307941357; 2.0723071625344347; 1.4166666666666665; 0.06296831955922864; 0.06666666666666667; 0.44296694214876026; 4.8; 7.0; 10.0; 10.0; 2.0; 0.1424242424242424; 10.0; 0.6844765840220384; 12.0; 0.7004269972451791; 3.0; 0.6306749311294766; 5.0; 0.4237121212121213; 0.5770673262166178; 3.2905999009701863; 1.7348484848484844; 0.2; 1.8090909090909089; 0.7666666666666666; )

-----------------------------------------------
SCORE: 0.27355127199274837 ( 20170518_044241)
(8.0; 0.8036363636363638; 2.0; 0.4666666666666666; 1.0; 0.01; 4.0; 0.56666666; 37.606060606060595; 2.074994307941357; 2.0723071625344347; 1.4166666666666665; 0.06296831955922864; 0.06666666666666667; 0.44296694214876026; 4.8; 7.0; 10.0; 10.0; 2.0; 0.1424242424242424; 10.0; 0.6844765840220384; 12.0; 0.7004269972451791; 3.0; 0.6306749311294766; 5.0; 0.4509022038567494; 0.5770673262166178; 3.2905999009701863; 1.7348484848484844; 0.2; 1.8090909090909089; 0.7666666666666666; )

-----------------------------------------------
SCORE: 0.27358883385175087 ( 20170518_045854)
(8.0; 0.8036363636363638; 2.0; 0.4666666666666666; 1.0; 0.01; 4.0; 0.56666666; 37.606060606060595; 2.074994307941357; 2.0723071625344347; 1.4166666666666665; 0.06296831955922864; 0.06666666666666667; 0.44296694214876026; 4.8; 7.0; 10.0; 10.0; 2.0; 0.1424242424242424; 10.0; 0.6844765840220384; 12.0; 0.7004269972451791; 3.0; 0.6306749311294766; 5.0; 0.4916873278236915; 0.5770673262166178; 3.2905999009701863; 1.7348484848484844; 0.2; 1.8090909090909089; 0.7666666666666666; )

-----------------------------------------------
SCORE: 0.27371079095282685 ( 20170518_065447)
(8.0; 0.8036363636363638; 2.0; 0.4666666666666666; 1.0; 0.01; 4.0; 0.56666666; 37.606060606060595; 2.074994307941357; 2.0723071625344347; 1.4166666666666665; 0.06296831955922864; 0.06666666666666667; 0.44296694214876026; 4.8; 7.0; 10.0; 10.0; 2.0; 0.1424242424242424; 10.0; 0.6844765840220384; 12.0; 0.7004269972451791; 3.0; 0.6306749311294766; 5.0; 0.4916873278236915; 0.5770673262166178; 2.7970099158246584; 1.7348484848484844; 0.2; 1.8090909090909089; 0.7666666666666666; )

-----------------------------------------------
SCORE: 0.2737899630943675 ( 20170518_070016)
(8.0; 0.8036363636363638; 2.0; 0.4666666666666666; 1.0; 0.01; 4.0; 0.56666666; 37.606060606060595; 2.074994307941357; 2.0723071625344347; 1.4166666666666665; 0.06296831955922864; 0.06666666666666667; 0.44296694214876026; 4.8; 7.0; 10.0; 10.0; 2.0; 0.1424242424242424; 10.0; 0.6844765840220384; 12.0; 0.7004269972451791; 3.0; 0.6306749311294766; 5.0; 0.4916873278236915; 0.5770673262166178; 2.8867535494874814; 1.7348484848484844; 0.2; 1.8090909090909089; 0.7666666666666666; )

-----------------------------------------------
SCORE: 0.2737901406632982 ( 20170518_094842)
(8.0; 0.8036363636363638; 2.0; 0.4666666666666666; 1.0; 0.01; 4.0; 0.56666666; 37.606060606060595; 2.074994307941357; 2.0723071625344347; 1.4166666666666665; 0.06296831955922864; 0.06666666666666667; 0.44296694214876026; 4.8; 7.0; 10.0; 10.0; 2.0; 0.1424242424242424; 10.0; 0.6844765840220384; 12.0; 0.7004269972451791; 3.0; 0.6306749311294766; 5.0; 0.4916873278236915; 0.5770673262166178; 2.8867535494874814; 1.7348484848484844; 0.20272727272727278; 1.8090909090909089; 0.7666666666666666; )

-----------------------------------------------
SCORE: 0.27380113171613935 ( 20170518_095411)
(8.0; 0.8036363636363638; 2.0; 0.4666666666666666; 1.0; 0.01; 4.0; 0.56666666; 37.606060606060595; 2.074994307941357; 2.0723071625344347; 1.4166666666666665; 0.06296831955922864; 0.06666666666666667; 0.44296694214876026; 4.8; 7.0; 10.0; 10.0; 2.0; 0.1424242424242424; 10.0; 0.6844765840220384; 12.0; 0.7004269972451791; 3.0; 0.6306749311294766; 5.0; 0.4916873278236915; 0.5770673262166178; 2.8867535494874814; 1.7348484848484844; 0.20818181818181825; 1.8090909090909089; 0.7666666666666666; )

-----------------------------------------------
SCORE: 0.27380829351639135 ( 20170518_105933)
(8.0; 0.8036363636363638; 2.0; 0.4666666666666666; 1.0; 0.01; 4.0; 0.56666666; 37.606060606060595; 2.074994307941357; 2.0723071625344347; 1.4166666666666665; 0.06296831955922864; 0.06666666666666667; 0.44296694214876026; 4.8; 7.0; 10.0; 10.0; 2.0; 0.1424242424242424; 10.0; 0.6844765840220384; 12.0; 0.7004269972451791; 3.0; 0.6306749311294766; 5.0; 0.4916873278236915; 0.5770673262166178; 2.8867535494874814; 1.7348484848484844; 0.20818181818181825; 1.8830991735537188; 0.7666666666666666; )

-----------------------------------------------
SCORE: 0.27387481033313554 ( 20170518_111037)
(8.0; 0.8036363636363638; 2.0; 0.4666666666666666; 1.0; 0.01; 4.0; 0.56666666; 37.606060606060595; 2.074994307941357; 2.0723071625344347; 1.4166666666666665; 0.06296831955922864; 0.06666666666666667; 0.44296694214876026; 4.8; 7.0; 10.0; 10.0; 2.0; 0.1424242424242424; 10.0; 0.6844765840220384; 12.0; 0.7004269972451791; 3.0; 0.6306749311294766; 5.0; 0.4916873278236915; 0.5770673262166178; 2.8867535494874814; 1.7348484848484844; 0.20818181818181825; 1.981776859504132; 0.7666666666666666; )

-----------------------------------------------
SCORE: 0.2739178058772732 ( 20170518_115357)
(8.0; 0.8036363636363638; 2.0; 0.4666666666666666; 1.0; 0.01; 4.0; 0.56666666; 37.606060606060595; 2.074994307941357; 2.0723071625344347; 1.4166666666666665; 0.06296831955922864; 0.06666666666666667; 0.44296694214876026; 4.8; 7.0; 10.0; 10.0; 2.0; 0.1424242424242424; 10.0; 0.6844765840220384; 12.0; 0.7004269972451791; 3.0; 0.6306749311294766; 5.0; 0.4916873278236915; 0.5770673262166178; 2.8867535494874814; 1.7348484848484844; 0.20818181818181825; 1.981776859504132; 0.756212121212121; )

-----------------------------------------------
SCORE: 0.27392523061046425 ( 20170518_142843)
(8.0; 0.8036363636363638; 2.0; 0.4221212121212121; 1.0; 0.01; 4.0; 0.56666666; 37.606060606060595; 2.074994307941357; 2.0723071625344347; 1.4166666666666665; 0.06296831955922864; 0.06666666666666667; 0.44296694214876026; 4.8; 7.0; 10.0; 10.0; 2.0; 0.1424242424242424; 10.0; 0.6844765840220384; 12.0; 0.7004269972451791; 3.0; 0.6306749311294766; 5.0; 0.4916873278236915; 0.5770673262166178; 2.8867535494874814; 1.7348484848484844; 0.20818181818181825; 1.981776859504132; 0.756212121212121; )

-----------------------------------------------
SCORE: 0.2739289130046059 ( 20170518_174843)
(8.0; 0.8036363636363638; 2.0; 0.4221212121212121; 1.0; 0.01; 4.0; 0.5892424237272723; 37.606060606060595; 2.074994307941357; 2.0723071625344347; 1.4166666666666665; 0.06296831955922864; 0.06666666666666667; 0.44296694214876026; 4.8; 7.0; 10.0; 10.0; 2.0; 0.1424242424242424; 10.0; 0.6844765840220384; 12.0; 0.7004269972451791; 3.0; 0.6306749311294766; 5.0; 0.4916873278236915; 0.5770673262166178; 2.8867535494874814; 1.7348484848484844; 0.20818181818181825; 1.981776859504132; 0.756212121212121; )